{'overall': {'acc': 0.5582484202835938, 'f1': 0.6294249151627533},
 'seen': {'acc': 0.6223958333333334,
          'f1': 0.7133913858622546,
          'p': 0.9740513392857143,
          'r': 0.6223958333333334},
 'unseen': {'acc': 0.5060882800608828,
            'f1': 0.5631427706254891,
            'p': 0.6377206997556164,
            'r': 0.5060882800608828}}
{'overall': {'acc': 0.5060166438524849, 'f1': 0.5020578772144427},
 'seen': {'acc': 0.7702702702702703,
          'f1': 0.8480473312119026,
          'p': 0.9684595660565575,
          'r': 0.7702702702702703},
 'unseen': {'acc': 0.3767622751579971,
            'f1': 0.3565793350419828,
            'p': 0.759421644367038,
            'r': 0.3767622751579971}}
