{'overall': {'acc': 0.39762453102255874, 'f1': 0.40217332372072967},
 'seen': {'acc': 0.5957446808510638,
          'f1': 0.6297204972456931,
          'p': 0.828181453231634,
          'r': 0.5957446808510638},
 'unseen': {'acc': 0.2983917288914417,
            'f1': 0.29542323130499154,
            'p': 0.5079380948835976,
            'r': 0.2983917288914417}}
{'overall': {'acc': 0.5312390575759092, 'f1': 0.5508122679625549},
 'seen': {'acc': 0.5660377358490566,
          'f1': 0.6124842159345525,
          'p': 0.7103195995379284,
          'r': 0.5660377358490566},
 'unseen': {'acc': 0.5004712535344015,
            'f1': 0.5004238455897922,
            'p': 0.56644411733896,
            'r': 0.5004712535344015}}
